0.715
0, 4, 1678880603
0, 4, 1962781621
0, 4, 1469174690
4, 0, 1989490931
0, 4, 2049461606
4, 0, 1975100971
0, 4, 2187665340
0, 4, 1880486592
0, 4, 1999082500
4, 0, 2211351615
0, 4, 2191433897
0, 4, 1795959733
4, 0, 1977641795
4, 0, 2298766834
0, 4, 1564855353
0, 4, 2179106755
0, 4, 1836206648
0, 4, 2052119660
0, 4, 1793706336
4, 0, 1752124791
4, 0, 1573392336
0, 4, 1880458216
4, 0, 2012557382
0, 4, 2012276128
4, 0, 2065108634
4, 0, 2204867919
0, 4, 1678492947
4, 0, 2066281566
0, 4, 2065477057
4, 0, 2257124058
4, 0, 2176477147
0, 4, 2063374569
0, 4, 1880267634
0, 4, 2060187656
4, 0, 2300885132
4, 0, 2054590838
4, 0, 1969494477
0, 4, 2017194237
4, 0, 2266129775
4, 0, 1969718774
0, 4, 2006532087
4, 0, 2261286948
0, 4, 2002833024
4, 0, 2174728297
4, 0, 2325910133
4, 0, 2325050123
4, 0, 2190875744
4, 0, 2175494955
0, 4, 1984882031
4, 0, 1883104826
0, 4, 2065281189
0, 4, 2000400499
4, 0, 1966550460
4, 0, 1985820444
0, 4, 2063413171
4, 0, 1880130173
4, 0, 1677593646
4, 0, 2202109156
4, 0, 1969662086
0, 4, 1558792776
0, 4, 2062721770
0, 4, 1965620313
4, 0, 2002545320
4, 0, 2055322852
4, 0, 1753431870
0, 4, 2057958274
0, 4, 1548700297
4, 0, 1550838931
4, 0, 1969464607
0, 4, 1834364862
4, 0, 2053543748
0, 4, 1956421114
0, 4, 1827648079
0, 4, 2000671213
0, 4, 1564089971
0, 4, 1994316027
4, 0, 2006624731
0, 4, 1792073269
0, 4, 1990447518
0, 4, 2058930753
0, 4, 2054921288
0, 4, 2182405376
4, 0, 2243881261
4, 0, 2070183042
0, 4, 2057819813
0, 4, 2062399417
0, 4, 2030213594
0, 4, 2189605228
0, 4, 2071914271
0, 4, 1981029899
0, 4, 1974741993
4, 0, 1957497862
0, 4, 1693147538
4, 0, 2064208100
0, 4, 1988770562
4, 0, 2064589976
4, 0, 1981343052
4, 0, 2226215344
0, 4, 2176277100
4, 0, 1983127514
0, 4, 1963820192
0, 4, 2060344038
0, 4, 2063822521
4, 0, 2061891319
4, 0, 2176430450
4, 0, 2192834809
0, 4, 2179554578
4, 0, 2006290912
0, 4, 1997659079
4, 0, 2060423355
4, 0, 2192301300
0, 4, 1553584021
0, 4, 1995446739
4, 0, 1880538473
0, 4, 2175159397
0, 4, 1795134642
4, 0, 2243049546
4, 0, 2197414287
0, 4, 1754524035
4, 0, 1558159221
4, 0, 1998489991
0, 4, 2052866830
0, 4, 1824621390
4, 0, 2251705745
0, 4, 2058829297
4, 0, 1979678900
4, 0, 1990470853
4, 0, 2202694750
0, 4, 2013178948
4, 0, 1693533074
0, 4, 1759817127
0, 4, 1977704286
0, 4, 2009186598
0, 4, 2188820943
0, 4, 1572913626
0, 4, 1794268637
4, 0, 1752443716
4, 0, 1994215898
0, 4, 1695657091
4, 0, 2254841100
0, 4, 1753415392
4, 0, 1985693275
0, 4, 2060924768
0, 4, 2014295733
0, 4, 1770746727
4, 0, 2197687359
0, 4, 2008625149
4, 0, 2259935463
0, 4, 1995128672
0, 4, 2015063840
0, 4, 1880934027
0, 4, 2049878032
4, 0, 2179395568
0, 4, 1982049837
0, 4, 1980254470
0, 4, 2188130061
0, 4, 1979350277
4, 0, 2218737777
4, 0, 2185353107
4, 0, 2204887835
4, 0, 1677370967
0, 4, 1967455796
0, 4, 2003317043
0, 4, 1468268968
4, 0, 1564950540
4, 0, 2217793754
0, 4, 1996420073
4, 0, 2327529437
0, 4, 1836456373
4, 0, 1975655102
0, 4, 1992316009
4, 0, 2259825671
0, 4, 2001322140
0, 4, 1964545474
4, 0, 1992975233
0, 4, 1573718285
0, 4, 2060923067
4, 0, 2299667383
0, 4, 2068038111
0, 4, 1754790896
0, 4, 1825559196
0, 4, 1468407171
4, 0, 1687360159
0, 4, 2191805187
0, 4, 1795363659
0, 4, 2015556169
4, 0, 2263676386
4, 0, 1979308882
0, 4, 2031448467
0, 4, 2174519343
0, 4, 2191149566
0, 4, 1755443052
0, 4, 1978989850
0, 4, 1963199940
0, 4, 1686216416
0, 4, 2062290214
4, 0, 1981443860
0, 4, 1979558827
0, 4, 1972666999
0, 4, 2188448988
4, 0, 2250675995
0, 4, 1558343258
0, 4, 1966596581
0, 4, 2064157580
0, 4, 1694882523
0, 4, 2176444679
4, 0, 2015627378
0, 4, 1834307574
0, 4, 1685573214
0, 4, 1990841329
0, 4, 2184556115
4, 0, 2051676427
4, 0, 2203664869
0, 4, 2061473271
0, 4, 2071945748
0, 4, 2071729576
0, 4, 2180847578
4, 0, 1997009055
0, 4, 1990361201
0, 4, 2018732908
4, 0, 2323712175
4, 0, 2301201253
4, 0, 2001240698
0, 4, 2174736677
4, 0, 1834605969
4, 0, 1992871959
4, 0, 1967280362
0, 4, 2190751703
4, 0, 1686274417
4, 0, 2180952604
0, 4, 1795363528
4, 0, 2222087213
4, 0, 2260599722
0, 4, 1468556115
4, 0, 2011239116
4, 0, 1754696920
0, 4, 2060528023
0, 4, 1967983859
4, 0, 2181320972
0, 4, 2016497273
4, 0, 1791791919
0, 4, 1976734877
4, 0, 1752524436
4, 0, 2210282712
0, 4, 1976091889
0, 4, 2001801833
0, 4, 1824637314
4, 0, 1994142588
0, 4, 2015163696
0, 4, 2179514643
4, 0, 1794463713
0, 4, 2177881704
0, 4, 1881517208
0, 4, 2187320020
4, 0, 2063169338
0, 4, 1983693102
0, 4, 1983793863
4, 0, 2224977656
0, 4, 2067219174
0, 4, 1880626096
4, 0, 2050955778
0, 4, 1970285166
4, 0, 1972729453
0, 4, 2007163626
0, 4, 2058008953
0, 4, 1970221818
0, 4, 2185487113
4, 0, 2047210993
0, 4, 1932276847
0, 4, 1990009406
4, 0, 1976366758
0, 4, 2054717302
0, 4, 1834543876
4, 0, 2194155386
0, 4, 1969783607
4, 0, 2263588643
0, 4, 1966839231
0, 4, 1677504257
0, 4, 2180204266
0, 4, 2065625176
0, 4, 1976697486
4, 0, 1823808919
0, 4, 2058181085
4, 0, 2204432748
0, 4, 1833587520
0, 4, 1793987031
4, 0, 2202326485
4, 0, 2327318381
0, 4, 2064168025
0, 4, 1827487171
0, 4, 2004305396
4, 0, 2265414609
4, 0, 1573580743
4, 0, 1558852444
0, 4, 2065478647
0, 4, 1551271087
0, 4, 1827469657
0, 4, 2187730183
4, 0, 1990788016
4, 0, 1835190870
0, 4, 1995956924
4, 0, 2257008759
0, 4, 1961355870
0, 4, 1964939778
0, 4, 1981969904
0, 4, 1990524894
4, 0, 2258584674
0, 4, 1961298221
0, 4, 2180929338
4, 0, 2259576394
4, 0, 2175714348
0, 4, 1964918648
0, 4, 1564733573
0, 4, 2052826175
0, 4, 2187794912
4, 0, 1932858264
4, 0, 2064182414
0, 4, 2054918386
0, 4, 1999708883
4, 0, 1835350097
4, 0, 2191150710
4, 0, 1835058460
4, 0, 2013653469
0, 4, 2054934009
0, 4, 2067315849
0, 4, 2048303505
0, 4, 1824181707
4, 0, 1692600037
0, 4, 1969964448
0, 4, 1982248051
0, 4, 2063803775
4, 0, 2000835553
0, 4, 1978971910
0, 4, 2193153389
0, 4, 2185421872
4, 0, 1678029285
0, 4, 2192536354
0, 4, 1687042965
0, 4, 1755842151
0, 4, 2190832566
0, 4, 1981390181
0, 4, 1834661351
4, 0, 1559940226
4, 0, 1969158469
4, 0, 1573664189
0, 4, 1753518278
0, 4, 2017704222
0, 4, 1687216453
0, 4, 2048010284
0, 4, 2061667449
0, 4, 1693322917
4, 0, 2231069633
0, 4, 2048031475
0, 4, 1976722420
4, 0, 2322074674
0, 4, 2182050951
0, 4, 1968956230
0, 4, 1992520476
0, 4, 1882128427
0, 4, 1827098699
0, 4, 2182479719
4, 0, 1971329093
0, 4, 2056626293
0, 4, 1970802419
0, 4, 1882268773
0, 4, 1881542792
0, 4, 2047857307
0, 4, 1975740156
4, 0, 1997939625
0, 4, 2176350070
0, 4, 2191530673
4, 0, 1880782217
4, 0, 2260513396
4, 0, 1995928037
0, 4, 1880904154
0, 4, 2058860623
0, 4, 2013974188
0, 4, 2185379003
0, 4, 1999965883
0, 4, 2048516472
4, 0, 2250025486
0, 4, 1833986077
4, 0, 2222177875
0, 4, 1975408857
0, 4, 2069567914
4, 0, 1986581930
0, 4, 2071222739
0, 4, 1998065234
4, 0, 2058356594
0, 4, 2063769679
0, 4, 1975041909
4, 0, 1881150585
4, 0, 2241540513
0, 4, 2189038631
4, 0, 1556595537
0, 4, 1977997080
4, 0, 1985866989
0, 4, 1980433807
4, 0, 1962580479
0, 4, 1956211993
4, 0, 1973730219
0, 4, 2063572918
4, 0, 2003493750
0, 4, 2068118038
0, 4, 2059428675
0, 4, 1991385377
4, 0, 1997261281
4, 0, 2217030191
0, 4, 2064359618
0, 4, 2047902007
4, 0, 1981161655
0, 4, 1996636038
4, 0, 2012798441
4, 0, 1564235860
0, 4, 1995191483
4, 0, 1694873919
4, 0, 1972913509
4, 0, 2060667381
0, 4, 1965638677
0, 4, 2177096895
0, 4, 1989631122
0, 4, 2002316821
0, 4, 2003792939
4, 0, 2031171128
4, 0, 2044390538
4, 0, 1981127497
0, 4, 2009989333
0, 4, 1881580411
4, 0, 1824524647
4, 0, 2014730504
4, 0, 2295556871
4, 0, 2065672240
4, 0, 2012926711
0, 4, 2008559579
4, 0, 1468416968
0, 4, 2039895863
0, 4, 1969681049
4, 0, 1825436712
0, 4, 1693631521
4, 0, 1760069536
0, 4, 1833965499
0, 4, 2186247335
4, 0, 1968902615
0, 4, 1553584195
0, 4, 2002844615
0, 4, 2047296850
0, 4, 1962678655
0, 4, 2045107513
0, 4, 1973520434
4, 0, 2175519185
0, 4, 1823921088
0, 4, 1883366829
0, 4, 1970041576
4, 0, 1966734163
0, 4, 1989832354
4, 0, 1834617869
0, 4, 2051645543
4, 0, 2322753794
4, 0, 2237125463
0, 4, 2017011677
4, 0, 2175595552
4, 0, 2016932251
0, 4, 1678336120
4, 0, 1882492138
4, 0, 2049771496
0, 4, 2018011913
4, 0, 1565067341
4, 0, 1983581062
4, 0, 2214359297
0, 4, 1982835826
4, 0, 2016320660
4, 0, 2186588838
0, 4, 1468600795
0, 4, 2071869155
4, 0, 2048427770
4, 0, 2050405738
4, 0, 1694284101
0, 4, 2190011510
4, 0, 1752697690
0, 4, 1880146681
0, 4, 1824133800
0, 4, 1969197937
0, 4, 1792481006
0, 4, 2050904698
0, 4, 1995274647
0, 4, 2058861576
4, 0, 1960451048
4, 0, 1557389763
0, 4, 1693744289
0, 4, 1977996441
0, 4, 1969856914
4, 0, 2195108050
4, 0, 1834222944
4, 0, 2194048360
4, 0, 2056402180
0, 4, 2039972565
0, 4, 1832769582
0, 4, 1979566665
4, 0, 1986920737
0, 4, 1564381575
4, 0, 1564299946
4, 0, 1967303916
4, 0, 1686460358
4, 0, 2031238773
4, 0, 2003082359
0, 4, 1564585458
0, 4, 2176603163
0, 4, 2189212385
4, 0, 2188664362
4, 0, 1981749857
4, 0, 1676947102
0, 4, 1883560665
0, 4, 2016105149
0, 4, 2014917009
0, 4, 1963199198
0, 4, 1979256390
0, 4, 1825200700
4, 0, 2063493059
0, 4, 2002253983
0, 4, 1558424919
0, 4, 1880103290
4, 0, 2236125408
4, 0, 1551649043
0, 4, 1793658942
4, 0, 2220843642
0, 4, 1548812521
0, 4, 1998269815
0, 4, 1880609719
0, 4, 1992996284
0, 4, 1969959604
0, 4, 2002411368
0, 4, 2069472657
0, 4, 2056790509
4, 0, 1933168908
0, 4, 1552035688
0, 4, 1880841222
0, 4, 1880016348
0, 4, 1468147480
4, 0, 1984121255
4, 0, 2248489157
4, 0, 2245829482
4, 0, 2262128269
0, 4, 1996193781
0, 4, 2053379325
0, 4, 1989694330
0, 4, 2061046866
4, 0, 2064470782
4, 0, 1823416419
0, 4, 2053022842
0, 4, 2175222775
0, 4, 2178342977
4, 0, 2202062730
4, 0, 1976830613
0, 4, 1880039125
0, 4, 1978854801
4, 0, 1564539621
4, 0, 1883469454
4, 0, 2062000752
0, 4, 2189469200
0, 4, 1993837609
4, 0, 2064916315
0, 4, 1957629260
0, 4, 1693934208
0, 4, 1977053537
0, 4, 2051643286
0, 4, 2071967305
4, 0, 1685870875
0, 4, 1970338464
0, 4, 1974675381
0, 4, 1932774181
0, 4, 1563448050
4, 0, 1976969897
4, 0, 1998163432
0, 4, 1990770225
0, 4, 2064700895
4, 0, 1823040086
0, 4, 2002002173
4, 0, 2072286857
0, 4, 1972098073
0, 4, 2064711519
0, 4, 2064507453
0, 4, 1793030207
4, 0, 1693809577
0, 4, 2048073856
0, 4, 1557245708
4, 0, 2063339986
0, 4, 1880633583
4, 0, 2003806219
4, 0, 2302270025
0, 4, 1982908226
0, 4, 2052060687
0, 4, 1825459103
0, 4, 2016122955
0, 4, 1995593099
0, 4, 2063022276
0, 4, 1976520175
0, 4, 1834428893
4, 0, 2302196681
0, 4, 2000304403
0, 4, 1564022098
0, 4, 2055290884
4, 0, 1835449837
4, 0, 2205171816
0, 4, 1693119391
0, 4, 2017104199
0, 4, 2060701701
4, 0, 2207567917
0, 4, 1991222386
4, 0, 1974666481
0, 4, 1770809502
4, 0, 2201820383
0, 4, 1573617648
0, 4, 2052096929
4, 0, 1687215166
0, 4, 1558214781
4, 0, 2223078904
0, 4, 2056095063
0, 4, 1565687097
0, 4, 2014804810
0, 4, 2056896857
0, 4, 1795957203
4, 0, 2213999563
0, 4, 2175636180
4, 0, 2066004009
0, 4, 1979270624
0, 4, 1980025682
4, 0, 2053918152
4, 0, 2175060446
4, 0, 2231822283
0, 4, 2190468469
0, 4, 1694727520
0, 4, 1565996758
0, 4, 1564315193
0, 4, 1975957140
0, 4, 2175419894
0, 4, 1970943057
4, 0, 2179791606
0, 4, 2175757909
4, 0, 1979910058
4, 0, 1964854224
0, 4, 2061413549
0, 4, 2011312876
4, 0, 1976215769
4, 0, 1984465655
0, 4, 1996045212
4, 0, 2050846354
0, 4, 1989912915
4, 0, 2014218959
0, 4, 2185144502
4, 0, 2179947074
0, 4, 2062025660
0, 4, 1970922383
0, 4, 2182628451
0, 4, 2060596900
4, 0, 2061539967
0, 4, 1880664968
0, 4, 1965826470
0, 4, 2053050802
4, 0, 1686335394
4, 0, 1795691416
0, 4, 1982115200
0, 4, 2054472078
0, 4, 1972789851
4, 0, 2054655011
0, 4, 1880477820
4, 0, 2048679195
4, 0, 1972040388
0, 4, 1823739979
0, 4, 1754599378
0, 4, 1834020956
0, 4, 1967494194
0, 4, 2189607529
0, 4, 1686877455
0, 4, 1971031747
4, 0, 2191933344
0, 4, 1977512725
0, 4, 2067144644
0, 4, 1969440440
0, 4, 1992893061
0, 4, 2003264493
0, 4, 1753272729
0, 4, 2000304879
0, 4, 1989410643
0, 4, 1984464114
0, 4, 1559006753
0, 4, 1978747539
0, 4, 2002065355
4, 0, 1880429207
0, 4, 1685538264
4, 0, 1573342600
0, 4, 1573274546
4, 0, 2236540154
0, 4, 1834885585
0, 4, 1984072241
0, 4, 1793204245
4, 0, 2200529653
0, 4, 1679350283
0, 4, 1991349719
4, 0, 1550762111
4, 0, 2067911014
4, 0, 1960576036
4, 0, 2285380899
0, 4, 2191235729
0, 4, 2185579295
0, 4, 2187276114
0, 4, 1686183338
0, 4, 2049286458
4, 0, 1882326318
0, 4, 1881098407
0, 4, 1553862715
0, 4, 1979481632
0, 4, 2071476597
0, 4, 2169480658
0, 4, 1996972646
0, 4, 2061966237
0, 4, 1558192189
4, 0, 2050987503
0, 4, 1990564956
4, 0, 2302230182
0, 4, 1825240263
0, 4, 2013706488
0, 4, 1835425436
4, 0, 1963462813
0, 4, 1755059583
0, 4, 2053021259
4, 0, 2053969766
0, 4, 2071159201
0, 4, 2178812391
0, 4, 2060701074
4, 0, 2252212746
4, 0, 2212860208
0, 4, 2178933802
4, 0, 2195265794
4, 0, 2322388642
4, 0, 2012820058
4, 0, 2175493841
0, 4, 2056823033
0, 4, 1680313288
0, 4, 1751034655
0, 4, 1960157527
0, 4, 1880895639
0, 4, 2016175265
0, 4, 2052661577
0, 4, 1880636782
4, 0, 2047027958
0, 4, 1882319877
0, 4, 2069433410
0, 4, 1880598499
4, 0, 2189583714
4, 0, 1997655687
0, 4, 2001799719
4, 0, 1793773245
0, 4, 2002316755
4, 0, 2297939469
0, 4, 1677536277
4, 0, 2014175658
0, 4, 2014629488
0, 4, 1989933460
4, 0, 2050682617
4, 0, 1984730378
0, 4, 2064316692
0, 4, 2047672703
0, 4, 2047792435
0, 4, 2017702571
4, 0, 1751138541
0, 4, 1974660315
0, 4, 1984815393
0, 4, 2014308011
4, 0, 2262872873
0, 4, 2003711900
4, 0, 2001147127
4, 0, 1548853933
0, 4, 2015799252
4, 0, 2003023406
0, 4, 2175988300
0, 4, 1985507265
0, 4, 1971268786
0, 4, 2072514150
4, 0, 2238758172
4, 0, 2000410619
0, 4, 2067741466
4, 0, 2199541774
0, 4, 1559161139
0, 4, 2175532048
0, 4, 2001821426
0, 4, 2015651678
0, 4, 2175923696
0, 4, 1956658822
0, 4, 2052502305
0, 4, 2052989244
0, 4, 1976776633
0, 4, 2174766697
4, 0, 1793483757
0, 4, 1978438587
0, 4, 2012969871
0, 4, 1771003528
0, 4, 1990698900
4, 0, 2197702001
0, 4, 2068115632
0, 4, 2061348244
0, 4, 1832659418
4, 0, 2044614329
4, 0, 1792693919
4, 0, 1964640319
0, 4, 2063880749
0, 4, 1751068708
0, 4, 1564987841
0, 4, 1983710380
0, 4, 1968116994
0, 4, 1676342419
0, 4, 1982310761
4, 0, 1551520870
0, 4, 1985575804
4, 0, 1691269955
0, 4, 1881417341
4, 0, 2324017573
4, 0, 1979858711
0, 4, 1468938119
0, 4, 1996024508
0, 4, 2050640153
0, 4, 2062063874
0, 4, 2064712152
4, 0, 1678548313
0, 4, 2190364340
0, 4, 1881041117
4, 0, 2262105002
0, 4, 2050361434
4, 0, 1880858882
0, 4, 1988864101
4, 0, 2210029365
0, 4, 2187662584
0, 4, 1978776042
0, 4, 1993123737
0, 4, 1881502835
4, 0, 2286770297
0, 4, 1754402258
0, 4, 2054561308
0, 4, 1558213373
4, 0, 1981545563
0, 4, 2049597630
0, 4, 1694165895
4, 0, 2071634979
0, 4, 2058045970
4, 0, 2245739439
0, 4, 2001311901
4, 0, 2018598033
0, 4, 1978263890
0, 4, 1969472555
4, 0, 2224323153
4, 0, 1573779492
0, 4, 2193344579
0, 4, 1979807235
0, 4, 1880618059
0, 4, 1753310108
4, 0, 2191537233
4, 0, 2237414613
0, 4, 1686335262
0, 4, 2052924377
4, 0, 1824280719
0, 4, 1678693599
4, 0, 2185588966
0, 4, 2069363159
0, 4, 2006617540
0, 4, 2001588719
0, 4, 1791938654
4, 0, 2206744930
0, 4, 2054826273
4, 0, 2253881016
0, 4, 1553491388
4, 0, 2328474171
0, 4, 2190835066
0, 4, 1977195632
4, 0, 1551298222
0, 4, 2188957214
4, 0, 2257757385
4, 0, 2233044818
0, 4, 1976109543
0, 4, 1834952043
0, 4, 2178369388
0, 4, 2052948988
0, 4, 1563558073
0, 4, 2190399754
4, 0, 1827587440
0, 4, 1880572752
4, 0, 2221333503
0, 4, 2191868051
0, 4, 2063050600
0, 4, 1995381846
4, 0, 1752401969
0, 4, 2191030535
4, 0, 2263792095
0, 4, 2008559961
0, 4, 1969212179
4, 0, 2266127381
4, 0, 1880394133
0, 4, 1979615996
0, 4, 2191630764
0, 4, 1990213029
0, 4, 1997541738
0, 4, 2039910869
4, 0, 1685413117
4, 0, 1574106077
0, 4, 2003710175
0, 4, 1824804465
0, 4, 2188749940
4, 0, 1995126681
0, 4, 1565330750
0, 4, 1879921482
0, 4, 1932461709
0, 4, 1985986062
0, 4, 2017643225
0, 4, 1979879317
4, 0, 1986044144
4, 0, 2221249487
0, 4, 1833400604
0, 4, 1551683036
0, 4, 1573193747
0, 4, 1986619770
0, 4, 1881159228
0, 4, 1971515559
0, 4, 2048304606
4, 0, 2236523671
4, 0, 2062305248
0, 4, 2052376488
0, 4, 1687766121
0, 4, 1880756424
0, 4, 2032506760
0, 4, 1936080371
0, 4, 2063126613
0, 4, 2002498280
0, 4, 2044345080
0, 4, 1981658974
0, 4, 1825689609
0, 4, 1836458953
0, 4, 2181003675
0, 4, 1676253209
4, 0, 1573685091
0, 4, 2177682346
0, 4, 1834516261
0, 4, 1825438104
4, 0, 2252066774
0, 4, 2051459711
0, 4, 2180304073
4, 0, 2013545135
0, 4, 1573310055
4, 0, 2043947464
4, 0, 2301210133
4, 0, 2069579221
4, 0, 1548778307
4, 0, 2233645391
0, 4, 2053858057
0, 4, 1979138878
4, 0, 2185893285
0, 4, 1999080488
0, 4, 1962158314
4, 0, 1968617405
0, 4, 1548318058
4, 0, 2187561179
0, 4, 1982165892
0, 4, 2044735634
0, 4, 2188927424
4, 0, 1883344152
0, 4, 1553336185
0, 4, 1995043358
0, 4, 2071520020
4, 0, 1995997406
4, 0, 2248657929
0, 4, 1824409638
0, 4, 2014452437
0, 4, 2045437602
0, 4, 2008556706
0, 4, 2001965645
4, 0, 2189779969
0, 4, 2189319949
0, 4, 1977478446
0, 4, 2069637857
0, 4, 2065820335
4, 0, 1823834710
4, 0, 2253327785
0, 4, 1793505352
0, 4, 2192605352
4, 0, 2063292817
0, 4, 2067962862
0, 4, 2002858836
0, 4, 1685127332
4, 0, 2176171859
0, 4, 1963135793
0, 4, 2187367648
0, 4, 1562361914
0, 4, 1965621204
0, 4, 1995958251
0, 4, 1997812961
4, 0, 2263099021
0, 4, 1974445089
0, 4, 2039779782
0, 4, 2187839029
4, 0, 1966904988
4, 0, 1989201381
4, 0, 2178082074
0, 4, 1991327496
0, 4, 1984601873
0, 4, 1573874346
0, 4, 1961113956
0, 4, 2178788980
0, 4, 1992271679
0, 4, 1556360851
0, 4, 1992356467
0, 4, 2192562001
4, 0, 2197968184
4, 0, 2246116065
0, 4, 1994410977
4, 0, 2217362024
0, 4, 2174822576
4, 0, 1971915406
0, 4, 1993245980
0, 4, 1964814560
0, 4, 1794783941
0, 4, 1825218926
0, 4, 1755061131
4, 0, 2188582926
4, 0, 2262400586
0, 4, 1834897699
4, 0, 2054005955
0, 4, 1827820002
0, 4, 1996518644
0, 4, 2053370650
4, 0, 2189704535
4, 0, 2055307907
0, 4, 2063873722
4, 0, 2051249579
0, 4, 1678879503
4, 0, 1791921376
4, 0, 1976905309
0, 4, 2180573618
4, 0, 2031912467
4, 0, 2187396329
4, 0, 1966251102
0, 4, 1981917790
0, 4, 1974332894
4, 0, 2055267316
4, 0, 2065018993
0, 4, 1883601071
0, 4, 1793483301
0, 4, 2070428023
0, 4, 1468869955
4, 0, 1833427018
0, 4, 2002141589
4, 0, 1553546827
4, 0, 2201414516
4, 0, 2224402427
0, 4, 2045170497
0, 4, 2065026873
4, 0, 2247143126
0, 4, 1993926391
0, 4, 2050285762
4, 0, 1792690185
0, 4, 1834942617
4, 0, 2212259293
4, 0, 2245178573
0, 4, 1968678347
0, 4, 1967005599
0, 4, 2053502340
4, 0, 1976558032
0, 4, 1978272867
0, 4, 2053894369
4, 0, 2231221308
0, 4, 2052494147
0, 4, 1556510200
4, 0, 1969336585
0, 4, 1992607102
4, 0, 1983976761
4, 0, 2253612218
0, 4, 1975849245
0, 4, 1933201064
0, 4, 2014023109
4, 0, 1999761186
0, 4, 2190443867
4, 0, 1558726445
0, 4, 2054035205
4, 0, 2201290255
0, 4, 1833020239
0, 4, 1980310380
0, 4, 2051242812
4, 0, 2185779090
4, 0, 2232235976
0, 4, 2055446908
4, 0, 2011541308
0, 4, 1548318089
0, 4, 1993540627
0, 4, 1678069744
4, 0, 1679241097
4, 0, 2066060245
4, 0, 2191481232
0, 4, 1979428033
0, 4, 1565365365
0, 4, 1985557373
0, 4, 1974851818
0, 4, 1695620876
0, 4, 2015986647
4, 0, 1834111498
0, 4, 2186835783
0, 4, 1753631640
0, 4, 2008446091
4, 0, 2234939097
0, 4, 1980034897
0, 4, 1823048241
0, 4, 2052700840
0, 4, 2003204139
0, 4, 1883077161
4, 0, 1962907469
0, 4, 2014753660
0, 4, 2069027123
4, 0, 2327662497
0, 4, 2064127803
0, 4, 1992230245
0, 4, 1979848455
4, 0, 2326206444
4, 0, 2049697065
0, 4, 1974529849
0, 4, 1983326993
0, 4, 1824637284
0, 4, 1978997260
4, 0, 2221708293
4, 0, 1573485260
0, 4, 1979536499
0, 4, 1835888198
0, 4, 1956850350
0, 4, 1834897181
0, 4, 1556811409
0, 4, 2176727195
0, 4, 1676808119
0, 4, 2070089307
0, 4, 2050041247
0, 4, 1692176471
0, 4, 1556552091
0, 4, 2013179214
0, 4, 2049708007
0, 4, 1556065268
0, 4, 2060527446
4, 0, 1981900585
4, 0, 1932938435
4, 0, 2266998369
0, 4, 2062648927
4, 0, 2300539637
4, 0, 1791922600
0, 4, 1977307638
4, 0, 2282701562
4, 0, 2051149296
0, 4, 2016642645
0, 4, 1822723156
0, 4, 2058726612
0, 4, 1692258241
0, 4, 1973021025
0, 4, 1771210128
0, 4, 2187389996
0, 4, 1563830597
0, 4, 1990565486
0, 4, 2069362236
4, 0, 1792420652
4, 0, 2224975367
0, 4, 2052924372
4, 0, 2011837503
4, 0, 2260579525
0, 4, 1694812972
0, 4, 2016440232
0, 4, 2186105344
0, 4, 1680776689
0, 4, 1833921839
4, 0, 2064217114
0, 4, 1687309499
4, 0, 2191471767
4, 0, 1983239020
4, 0, 1557644140
0, 4, 2002871716
0, 4, 2046868012
4, 0, 2066912941
0, 4, 2193304384
4, 0, 2212930982
4, 0, 1969042202
4, 0, 2057628917
4, 0, 2067795339
4, 0, 2060988451
4, 0, 2061826540
0, 4, 2187969214
4, 0, 1984839312
0, 4, 1760179839
4, 0, 1794772516
4, 0, 2301100349
4, 0, 2012261849
4, 0, 2262764068
4, 0, 2232564118
4, 0, 2063984098
0, 4, 1964171297
4, 0, 2070377275
4, 0, 1991860895
0, 4, 1960296107
4, 0, 1986770000
0, 4, 1676995528
0, 4, 2053464168
0, 4, 2064037203
4, 0, 1559673443
0, 4, 1564564450
4, 0, 1974682319
0, 4, 1967847540
0, 4, 2061164776
0, 4, 2178934131
0, 4, 1994724802
0, 4, 1694552445
0, 4, 1752019443
4, 0, 1564095469
0, 4, 1985906588
4, 0, 2018460485
0, 4, 1969199695
0, 4, 1676253081
0, 4, 1469367959
0, 4, 2066286615
0, 4, 2048902399
4, 0, 2190503377
0, 4, 1982364930
0, 4, 1881059528
4, 0, 2297795163
0, 4, 2191147690
0, 4, 2052454714
0, 4, 2066156041
4, 0, 1828053716
0, 4, 1983204428
4, 0, 2223705432
0, 4, 1970784918
0, 4, 2003079325
0, 4, 1834315632
0, 4, 2016123301
0, 4, 1989238668
4, 0, 1997517447
0, 4, 2048202160
4, 0, 2181369491
0, 4, 2046661960
0, 4, 1693582671
0, 4, 2015752352
0, 4, 1981551234
4, 0, 1755729903
0, 4, 1999838272
0, 4, 1686528624
0, 4, 2056042096
4, 0, 2219507949
4, 0, 2264993614
0, 4, 1966113423
4, 0, 1968440555
0, 4, 2013791295
4, 0, 2051022295
4, 0, 2328320006
0, 4, 1680884655
0, 4, 1469760459
4, 0, 2000499065
4, 0, 2050568792
4, 0, 2207735707
0, 4, 1827902640
4, 0, 2238355534
4, 0, 2207872202
4, 0, 1676093355
0, 4, 1989444879
0, 4, 1970254252
0, 4, 1824430332
0, 4, 1792117812
0, 4, 1985840567
4, 0, 2014987658
0, 4, 1973880325
4, 0, 1557915414
0, 4, 1795178247
0, 4, 2015041851
0, 4, 1559356958
4, 0, 2191609519
0, 4, 2071887705
0, 4, 1979750162
0, 4, 1963822594
4, 0, 2064592635
0, 4, 1751324739
0, 4, 1995403087
0, 4, 2058929292
0, 4, 2067663932
0, 4, 2064056843
4, 0, 2070387156
0, 4, 1834394080
4, 0, 2067108245
0, 4, 2014866449
0, 4, 2048349068
4, 0, 2065040075
4, 0, 2013822569
0, 4, 2189899888
4, 0, 1752416053
4, 0, 1980339324
0, 4, 2015127795
4, 0, 2306279843
0, 4, 2007642150
4, 0, 1828042867
4, 0, 2015553875
0, 4, 1989482645
4, 0, 1823814469
4, 0, 2059530050
0, 4, 1932309787
0, 4, 1551270892
4, 0, 2267073422
0, 4, 2176539458
4, 0, 2247506185
4, 0, 2258048038
0, 4, 1978784868
4, 0, 1753307859
0, 4, 2014540226
0, 4, 2002711429
0, 4, 1956952237
0, 4, 2175300940
0, 4, 2017106733
0, 4, 2186554851
0, 4, 2015436008
0, 4, 1680742192
0, 4, 2063069686
4, 0, 2244975634
0, 4, 1975343431
0, 4, 2063667750
0, 4, 1676193843
0, 4, 2188359991
0, 4, 2052535602
0, 4, 2177406136
0, 4, 1754599331
0, 4, 2055828882
0, 4, 2048638853
0, 4, 2060137856
0, 4, 1553926283
0, 4, 2190775657
4, 0, 2232935339
4, 0, 2068119426
4, 0, 1966981206
0, 4, 2065057641
0, 4, 2004199978
0, 4, 2191179195
4, 0, 1975065468
4, 0, 1985550483
4, 0, 1996174614
0, 4, 2064647108
0, 4, 1573597333
4, 0, 2009364866
0, 4, 1962045507
0, 4, 2056771164
4, 0, 2260944348
0, 4, 1827396976
0, 4, 1986641242
4, 0, 2211575604
0, 4, 1970044676
0, 4, 1979157950
0, 4, 1970179540
4, 0, 2257677624
4, 0, 2252446670
0, 4, 1988977689
4, 0, 2230163102
4, 0, 2248551834
0, 4, 1834313859
0, 4, 1971591897
0, 4, 2002914471
0, 4, 1827219343
0, 4, 1824582751
4, 0, 1551179767
0, 4, 1979632145
0, 4, 1978989122
0, 4, 1751431183
0, 4, 2189959885
4, 0, 2191296430
4, 0, 2070261537
4, 0, 2050743136
0, 4, 1573252109
4, 0, 1825717070
0, 4, 2174596521
4, 0, 2013934573
0, 4, 1694367237
0, 4, 1826451755
4, 0, 1992351987
0, 4, 2013084011
4, 0, 1971280284
0, 4, 2061132979
4, 0, 2059435727
0, 4, 1677115485
0, 4, 1972212044
0, 4, 2180749805
4, 0, 2205708897
4, 0, 2179667909
4, 0, 1822539039
0, 4, 1974101945
0, 4, 1991456970
4, 0, 2295215446
0, 4, 1833735491
4, 0, 2323407818
0, 4, 2048326477
0, 4, 1932396808
4, 0, 2297768877
0, 4, 1684981732
0, 4, 2069228355
0, 4, 2064229911
4, 0, 2262289550
4, 0, 2178431762
0, 4, 1557092896
0, 4, 1989832348
0, 4, 1573968692
0, 4, 2013495503
0, 4, 2175134218
4, 0, 1980287632
0, 4, 1980398792
0, 4, 1956327294
0, 4, 2050657297
0, 4, 2044930269
0, 4, 1967287316
0, 4, 1831297275
4, 0, 2194328264
0, 4, 1975186670
0, 4, 1989308860
0, 4, 1833802719
4, 0, 2247552784
0, 4, 1971986939
0, 4, 1883035964
0, 4, 1992603794
4, 0, 1990436668
0, 4, 1966338217
0, 4, 1835501911
4, 0, 1990429095
4, 0, 1997260503
4, 0, 1957301684
0, 4, 2053065327
4, 0, 2053173907
0, 4, 2001298009
0, 4, 2054764604
0, 4, 2000632044
4, 0, 2230821649
4, 0, 1986897510
0, 4, 1565294837
0, 4, 1880755494
4, 0, 2218290302
4, 0, 2071743874
4, 0, 2059779670
0, 4, 1972177813
4, 0, 2266221316
4, 0, 1750920435
0, 4, 1882336878
0, 4, 2033597398
4, 0, 1982835207
4, 0, 1970419452
4, 0, 1759728849
4, 0, 1469642427
0, 4, 2068891433
0, 4, 2001404553
0, 4, 2014693062
0, 4, 1992355114
4, 0, 1991688740
4, 0, 1751949655
4, 0, 2206989305
4, 0, 2071094028
4, 0, 2060305622
0, 4, 1996787711
4, 0, 2065156743
4, 0, 2231628411
0, 4, 2189381504
0, 4, 1985366963
0, 4, 2008810699
0, 4, 2013164060
0, 4, 2181004906
4, 0, 1989055740
4, 0, 1974138257
0, 4, 2191035313
0, 4, 1678239995
4, 0, 2326013784
0, 4, 2191147936
4, 0, 1753231189
0, 4, 2001120667
0, 4, 1558765395
0, 4, 2180929918
4, 0, 1982989985
0, 4, 1834340083
4, 0, 1685720185
0, 4, 1969783740
4, 0, 1996909675
0, 4, 2002418805
0, 4, 1993165357
0, 4, 1966042682
0, 4, 1835324555
4, 0, 2186902403
4, 0, 2288473366
4, 0, 2016130865
0, 4, 1832256199
0, 4, 2190858783
0, 4, 2003537756
4, 0, 1956355744
4, 0, 1990248021
0, 4, 1975040504
0, 4, 1835974474
4, 0, 1957745916
4, 0, 2326572993
0, 4, 1558072318
4, 0, 1754192209
0, 4, 1957065322
4, 0, 2189981065
4, 0, 1933141775
4, 0, 2000953619
4, 0, 1985099724
0, 4, 1981564760
0, 4, 1881784104
0, 4, 1933163201
0, 4, 1695137257
0, 4, 1678216028
4, 0, 2051718391
0, 4, 2053859329
0, 4, 1997890629
0, 4, 1792865652
0, 4, 2002453923
4, 0, 2184855474
0, 4, 1835772659
0, 4, 1964835491
4, 0, 2254953308
4, 0, 1999500328
4, 0, 2002161205
4, 0, 2177095671
0, 4, 1973401861
0, 4, 1982416229
4, 0, 1978441286
4, 0, 2070405984
4, 0, 1793873036
4, 0, 2217361936
4, 0, 1982801240
0, 4, 2064373089
4, 0, 2054299476
0, 4, 2067999430
0, 4, 1982787500
0, 4, 1956358973
0, 4, 1971604877
4, 0, 2016990294
0, 4, 2189949641
0, 4, 1826489288
0, 4, 1823969950
4, 0, 1834125681
0, 4, 1676714110
0, 4, 1835721508
0, 4, 1833310414
0, 4, 1822721812
0, 4, 1965952367
0, 4, 1823417257
4, 0, 1984530142
0, 4, 2063854946
0, 4, 2176278901
0, 4, 1823791724
0, 4, 1831347423
4, 0, 1932637556
4, 0, 2178066902
0, 4, 1975088292
0, 4, 1880381221
0, 4, 1557495851
4, 0, 1985395190
4, 0, 1997975253
4, 0, 2016608836
0, 4, 2016071376
0, 4, 2004962396
0, 4, 2065056427
4, 0, 2207502199
4, 0, 1694647702
4, 0, 2063123233
0, 4, 2190457985
0, 4, 1998109242
0, 4, 1557615386
4, 0, 1554461032
0, 4, 2012136653
4, 0, 2058255096
4, 0, 2323371111
0, 4, 1956072613
0, 4, 2186788456
4, 0, 1691822659
0, 4, 2061281346
4, 0, 1961479003
0, 4, 2071115910
0, 4, 1969829341
0, 4, 2187620125
4, 0, 1983734284
0, 4, 1548913969
4, 0, 1834702702
0, 4, 2054022677
0, 4, 2052897293
0, 4, 2071030719
0, 4, 1967641411
4, 0, 2061301194
0, 4, 2058861596
4, 0, 2002776429
0, 4, 2062434445
4, 0, 1883149671
0, 4, 1992518706
0, 4, 2191147540
0, 4, 1677642632
0, 4, 2068458369
0, 4, 2004432226
0, 4, 1966130988
0, 4, 1981172548
0, 4, 2193346098
4, 0, 1573814783
4, 0, 1685213823
4, 0, 1833781606
0, 4, 1688895814
0, 4, 1978174976
0, 4, 1825607170
0, 4, 1997427492
0, 4, 1976197547
4, 0, 2284824673
0, 4, 2185489555
4, 0, 1974908002
0, 4, 1796904794
0, 4, 2065056242
0, 4, 1882374395
0, 4, 2014449129
4, 0, 2262091009
0, 4, 1993412683
4, 0, 1962457423
0, 4, 2063652830
0, 4, 1978359765
0, 4, 2002815670
0, 4, 1556361985
4, 0, 2250541460
0, 4, 1833911324
0, 4, 2052425245
4, 0, 2069871992
0, 4, 1983861430
0, 4, 1986571529
0, 4, 2016362866
4, 0, 1977752930
0, 4, 1974757320
4, 0, 1956733979
0, 4, 2015175348
4, 0, 2190143828
4, 0, 1977947576
4, 0, 2323517555
0, 4, 2060103375
0, 4, 1754602246
4, 0, 2205132108
0, 4, 2072225907
0, 4, 1981801688
4, 0, 2184777853
4, 0, 2051227907
0, 4, 1686638877
4, 0, 2000877074
0, 4, 2014211807
0, 4, 1880800910
0, 4, 2071241640
4, 0, 2192936251
0, 4, 1834402117
0, 4, 1970148751
4, 0, 2063736710
0, 4, 1962018746
4, 0, 2210795943
4, 0, 2005115655
0, 4, 1880204818
4, 0, 2010601007
4, 0, 1684969857
0, 4, 1975139302
0, 4, 1960396697
4, 0, 2300744163
0, 4, 1882895988
0, 4, 1976012979
0, 4, 2011037714
0, 4, 1752964724
4, 0, 2065331597
4, 0, 1692095665
0, 4, 1997047461
0, 4, 1824135548
0, 4, 1975155081
0, 4, 2063935126
4, 0, 2228847485
4, 0, 1962460120
0, 4, 1564039674
4, 0, 1996245626
0, 4, 2188927461
0, 4, 2182578439
0, 4, 1677893444
4, 0, 1963603407
0, 4, 2047049213
4, 0, 2057168329
4, 0, 1557133612
0, 4, 1995574087
0, 4, 1968184165
4, 0, 2046055762
4, 0, 2215231432
0, 4, 1827894541
0, 4, 1989299126
0, 4, 2183720602
0, 4, 1984716271
0, 4, 1975184407
0, 4, 1692256750
0, 4, 1880206985
0, 4, 2014888238
4, 0, 1823121412
0, 4, 2175872948
0, 4, 2187504348
0, 4, 2185034700
4, 0, 2190641532
0, 4, 1695965030
0, 4, 2053209711
0, 4, 2051347095
4, 0, 2177361767
0, 4, 1990081251
0, 4, 2071500172
4, 0, 2226601204
0, 4, 1556859702
4, 0, 2017608191
0, 4, 2192935911
4, 0, 2253952181
0, 4, 1467841985
0, 4, 1976169021
4, 0, 1793904315
0, 4, 1999746989
4, 0, 1991303591
0, 4, 2053815564
4, 0, 2298266128
0, 4, 1834768511
4, 0, 1468293310
0, 4, 1677311131
0, 4, 2013067159
4, 0, 1981815354
0, 4, 1793481936
0, 4, 1826416844
4, 0, 2200591501
4, 0, 2258970366
0, 4, 1967887709
0, 4, 1832787208
0, 4, 2189183698
0, 4, 2177561747
0, 4, 1961988280
0, 4, 2175395283
4, 0, 2248232254
4, 0, 1548319602
0, 4, 1966747487
4, 0, 2003229650
0, 4, 1963463834
0, 4, 2189369735
0, 4, 1881187433
4, 0, 1881060436
4, 0, 1977366984
0, 4, 1675862988
0, 4, 1688043632
4, 0, 1828024584
0, 4, 1991796239
0, 4, 1973365696
4, 0, 1989741850
0, 4, 1881754375
0, 4, 1956246359
4, 0, 1991189594
4, 0, 2071899923
0, 4, 1468851257
0, 4, 2192938847
0, 4, 1956309909
4, 0, 2061514319
0, 4, 1678265340
4, 0, 1695466930
0, 4, 1468527858
4, 0, 1972624038
4, 0, 2071744089
4, 0, 2175877402
0, 4, 1999339913
0, 4, 1980454888
4, 0, 2054614330
0, 4, 2190114249
0, 4, 2007164150
0, 4, 2049305380
0, 4, 1695846359
4, 0, 2285820971
4, 0, 2045841638
0, 4, 1969386205
4, 0, 2067502388
4, 0, 1971059925
0, 4, 1833565153
0, 4, 1972329512
4, 0, 2071089740
4, 0, 1677207746
0, 4, 2000923900
0, 4, 1879952416
4, 0, 1966195083
0, 4, 1677458774
0, 4, 2176361006
0, 4, 1553462868
0, 4, 1974381482
4, 0, 1968788388
4, 0, 2048153751
0, 4, 2189397908
4, 0, 1999622490
4, 0, 1971851239
4, 0, 2175219130
4, 0, 1996192111
0, 4, 2069322256
4, 0, 1969597259
0, 4, 1981145763
4, 0, 2265758826
4, 0, 1833580364
0, 4, 2065576808
0, 4, 1468350990
0, 4, 2053023663
0, 4, 1684847803
0, 4, 2000428122
4, 0, 1692295722
4, 0, 2060135199
0, 4, 1981707307
4, 0, 2060705297
4, 0, 2252926615
0, 4, 1556607315
4, 0, 1995540953
0, 4, 1996254213
0, 4, 2174922351
0, 4, 1759164822
0, 4, 1967945321
0, 4, 1835471828
0, 4, 2190173551
0, 4, 2044814850
4, 0, 2266164979
0, 4, 1992455857
0, 4, 1564831242
0, 4, 1551492312
0, 4, 1694726768
0, 4, 2179926504
0, 4, 1972542486
0, 4, 1986786468
0, 4, 1559068472
4, 0, 1565388708
0, 4, 2013536004
0, 4, 1468363696
0, 4, 2056953624
0, 4, 1468323352
0, 4, 2055538669
0, 4, 2055372342
0, 4, 1932858345
4, 0, 2223164504
0, 4, 1975217477
0, 4, 1554166882
0, 4, 2182682398
4, 0, 2016634229
0, 4, 2177803159
4, 0, 1883285356
4, 0, 2225719175
0, 4, 1983309302
0, 4, 2190223786
4, 0, 1771050038
0, 4, 1880633614
0, 4, 1557749160
4, 0, 2216862451
0, 4, 1983207574
0, 4, 2001855472
0, 4, 2053489850
0, 4, 1966358186
0, 4, 1880953624
0, 4, 1966375840
0, 4, 2011036397
0, 4, 1770548980
0, 4, 2002670646
4, 0, 1982360586
4, 0, 1565096048
4, 0, 2231753707
0, 4, 1956953145
0, 4, 2179083284
0, 4, 1976092811
0, 4, 2001120529
0, 4, 1998696896
0, 4, 2189886186
4, 0, 2067114961
0, 4, 1574087957
0, 4, 1693209039
0, 4, 1997539608
0, 4, 2192537087
4, 0, 2066940996
4, 0, 2247689433
0, 4, 2052865551
0, 4, 2190092725
0, 4, 1977004923
4, 0, 2063704547
4, 0, 1563807026
0, 4, 2001179123
0, 4, 1989756576
0, 4, 2051161334
4, 0, 2248641047
4, 0, 2203253480
0, 4, 1974150548
0, 4, 1834516908
4, 0, 1564646271
0, 4, 2185688837
0, 4, 1572844206
0, 4, 2175780490
0, 4, 1990113456
4, 0, 1972180784
0, 4, 2014691453
4, 0, 2300593295
0, 4, 1956072585
4, 0, 2068628581
0, 4, 1932293682
4, 0, 2199644648
4, 0, 2228115989
4, 0, 2067973002
0, 4, 1975982905
0, 4, 1685031414
4, 0, 2176376260
4, 0, 1980608730
4, 0, 2190932190
0, 4, 1990023395
0, 4, 2061525160
4, 0, 2204429144
0, 4, 1984900628
0, 4, 1753309879
0, 4, 1979334350
0, 4, 1685519453
0, 4, 1989582521
4, 0, 2203432054
4, 0, 2328497702
0, 4, 1551427323
4, 0, 2069781685
0, 4, 2052747849
0, 4, 1993750006
0, 4, 1979707351
0, 4, 1573530814
0, 4, 2193188315
4, 0, 1969033350
4, 0, 2229429439
4, 0, 2060633011
0, 4, 1978972341
0, 4, 2002015528
0, 4, 2015905004
0, 4, 1991605205
0, 4, 1750965106
0, 4, 1995468359
0, 4, 2052857472
0, 4, 1694091113
0, 4, 1982166633
4, 0, 2231412512
0, 4, 1963027200
4, 0, 1970747712
0, 4, 1965859633
4, 0, 2013504283
0, 4, 1881782362
0, 4, 2177082624
4, 0, 2262491646
0, 4, 1751500571
0, 4, 2058658659
0, 4, 2187837589
4, 0, 2231577178
4, 0, 1973811135
0, 4, 2182197420
0, 4, 2065074618
0, 4, 1969028205
4, 0, 2189294017
0, 4, 2052588727
0, 4, 1975008124
4, 0, 2178613651
4, 0, 2219283050
0, 4, 2012075102
0, 4, 2044427486
4, 0, 1759163629
4, 0, 2056091916
0, 4, 1883640608
4, 0, 2236117841
0, 4, 1469586840
4, 0, 2229679096
0, 4, 2065768783
4, 0, 1573322799
0, 4, 1970443605
4, 0, 2237044497
0, 4, 1677075162
0, 4, 1677909760
0, 4, 1964524421
0, 4, 1827731688
4, 0, 1993859360
4, 0, 2266906994
4, 0, 2010644681
0, 4, 2009186739
4, 0, 1966228071
0, 4, 1989391854
0, 4, 1572869529
4, 0, 1550842657
0, 4, 2176552420
0, 4, 1676369117
0, 4, 1977779735
0, 4, 1981375366
4, 0, 1961059288
4, 0, 1979755052
0, 4, 2187859491
0, 4, 1970529558
4, 0, 2234616921
4, 0, 2257994682
0, 4, 2060957835
0, 4, 1977006629
0, 4, 1978816189
0, 4, 1559129556
4, 0, 2248525938
0, 4, 1976531261
0, 4, 1932886859
4, 0, 2237292181
0, 4, 1795317308
0, 4, 1557108349
0, 4, 1469026374
0, 4, 2003292865
0, 4, 1677261942
0, 4, 1975201513
4, 0, 2214772931
4, 0, 2218976263
0, 4, 1983694156
0, 4, 1960762111
4, 0, 1556721843
0, 4, 1564202104
0, 4, 2176699744
0, 4, 1677330082
4, 0, 2062438113
4, 0, 1573159475
4, 0, 2254539294
4, 0, 2051012325
0, 4, 1676972538
4, 0, 2204890513
4, 0, 2183671424
0, 4, 2016556999
0, 4, 2053012026
4, 0, 2052485717
0, 4, 1559708910
4, 0, 1960425693
0, 4, 1982770345
0, 4, 2064327613
0, 4, 2190750689
0, 4, 2062448130
0, 4, 2013982456
0, 4, 1980668650
0, 4, 2070747966
0, 4, 1961922459
0, 4, 2018641631
0, 4, 2018376280
0, 4, 1983847117
0, 4, 1970197396
0, 4, 1985401668
0, 4, 1836133712
0, 4, 1991494451
0, 4, 2055667108
4, 0, 1972397859
0, 4, 2189252616
0, 4, 1969767851
0, 4, 1882181448
4, 0, 2246676433
0, 4, 2039765546
0, 4, 1694401066
4, 0, 1880201027
4, 0, 2323029499
0, 4, 2058027787
0, 4, 2062447973
0, 4, 1975739142
0, 4, 1971577875
4, 0, 1880916014
4, 0, 2055388623
0, 4, 2184946842
4, 0, 2050821922
4, 0, 1966449859
4, 0, 1793068369
4, 0, 2264761004
0, 4, 1967870016
0, 4, 2053316113
0, 4, 1989032082
0, 4, 1693831043
0, 4, 1677187526
4, 0, 2000628048
0, 4, 1883302756
4, 0, 2197757258
0, 4, 2063718381
4, 0, 1828032709
4, 0, 2070619778
4, 0, 2205081662
0, 4, 2044847206
4, 0, 2176647991
4, 0, 1834471224
0, 4, 1827350243
0, 4, 1998959247
4, 0, 2013323587
0, 4, 2033645275
0, 4, 2062626062
0, 4, 1968849683
0, 4, 1793119103
0, 4, 2067434489
4, 0, 2052620702
0, 4, 1469616234
4, 0, 1956482001
4, 0, 2196894070
4, 0, 1564463278
4, 0, 1963649102
4, 0, 2190627159
4, 0, 1794730107
0, 4, 1980616407
0, 4, 1993815676
0, 4, 1982017001
0, 4, 1933223520
0, 4, 2049461341
4, 0, 2015930851
4, 0, 2324912993
4, 0, 2300966636
4, 0, 2257633883
0, 4, 1556986559
0, 4, 2190993571
0, 4, 1999218343
0, 4, 2193031733
4, 0, 2001692811
4, 0, 2191219025
0, 4, 1688818625
0, 4, 1996257822
0, 4, 1558676679
0, 4, 2192082966
0, 4, 1963488860
0, 4, 2051733249
0, 4, 1994997850
0, 4, 2059382227
0, 4, 1996257100
0, 4, 1467823046
4, 0, 2015777146
0, 4, 2061365229
4, 0, 1557579492
4, 0, 2015424790
4, 0, 1882086549
0, 4, 1968182911
0, 4, 2176113214
0, 4, 2013932949
0, 4, 1826036855
4, 0, 2262732886
0, 4, 1984414713
4, 0, 2251260587
0, 4, 1687125121
0, 4, 1996276529
0, 4, 2015667870
0, 4, 1557242756
0, 4, 2011927964
0, 4, 1977579125
0, 4, 1880937071
4, 0, 2259289000
0, 4, 1693378839
0, 4, 2189925441
0, 4, 1827778353
0, 4, 1558023873
0, 4, 2047790779
0, 4, 1573752902
0, 4, 1980017547
4, 0, 2067713763
0, 4, 1961529066
0, 4, 1827437673
0, 4, 1970154971
0, 4, 2030755804
4, 0, 2006459542
4, 0, 2059947755
4, 0, 2016999562
0, 4, 1563918914
0, 4, 1753954293
0, 4, 2186675200
4, 0, 2222797168
0, 4, 1550847854
4, 0, 1558066637
0, 4, 1969209470
0, 4, 2065697920
0, 4, 2061394960
0, 4, 2188341779
0, 4, 2047856380
0, 4, 1984395758
0, 4, 1994828373
0, 4, 1881208484
4, 0, 2007794059
0, 4, 1964546332
0, 4, 2176348547
4, 0, 1970341625
0, 4, 2180749928
0, 4, 1933020610
4, 0, 1988864103
0, 4, 1957053685
4, 0, 2016094787
4, 0, 2241582160
4, 0, 2062512680
0, 4, 1956277054
0, 4, 2067470521
0, 4, 1965805651
4, 0, 1685855175
4, 0, 2256189656
4, 0, 2286007889
0, 4, 2188849060
0, 4, 2069789663
0, 4, 2015723770
0, 4, 1997048398
4, 0, 1964592011
0, 4, 2055997262
4, 0, 1990436133
0, 4, 1978544281
4, 0, 2214278368
0, 4, 1996536526
0, 4, 1972774537
0, 4, 1882230451
4, 0, 2234715177
4, 0, 1556794166
4, 0, 1994823747
0, 4, 1999932520
4, 0, 2178801392
0, 4, 1989713332
0, 4, 2188897998
0, 4, 1977027067
0, 4, 1990969320
4, 0, 1986163450
0, 4, 2064896422
0, 4, 1998433269
0, 4, 1553773447
4, 0, 1995542235
4, 0, 2199031203
0, 4, 1692528269
0, 4, 2052447363
0, 4, 1880534453
4, 0, 2014767948
4, 0, 1881246469
0, 4, 2185145207
0, 4, 1994891527
4, 0, 1557029129
0, 4, 2068275388
4, 0, 1969469342
0, 4, 1677055474
4, 0, 2049456132
4, 0, 1985140663
0, 4, 2055509594
0, 4, 2072188554
0, 4, 1832351284
0, 4, 2000791379
0, 4, 1751953066
0, 4, 2052721607
4, 0, 1964246804
4, 0, 1963531079
0, 4, 2064200474
0, 4, 1980566488
0, 4, 2000790215
4, 0, 1826057919
0, 4, 1978639293
0, 4, 2190197218
4, 0, 2216762051
0, 4, 2176056617
0, 4, 1999020740
0, 4, 1965563541
0, 4, 1823818049
4, 0, 2245483446
0, 4, 1835247689
4, 0, 1834399328
0, 4, 2066029664
4, 0, 1795501115
0, 4, 1551807114
0, 4, 2177484548
0, 4, 1998672713
0, 4, 2015338603
4, 0, 1988999863
0, 4, 2063279152
4, 0, 2069989234
0, 4, 1986006253
4, 0, 1822461923
0, 4, 2015784644
0, 4, 2179629746
0, 4, 2175012451
0, 4, 2068117437
4, 0, 1792352669
4, 0, 2232162007
0, 4, 2052596834
0, 4, 1984847555
4, 0, 1834160211
4, 0, 1996606351
0, 4, 1970664050
0, 4, 1836226421
0, 4, 2031180864
0, 4, 2049284937
0, 4, 2061198652
0, 4, 1469504022
4, 0, 1963408939
0, 4, 2186315852
4, 0, 2217247226
0, 4, 2050829441
4, 0, 2016050359
4, 0, 2204250730
4, 0, 1977727103
4, 0, 2186073054
0, 4, 1564503761
0, 4, 2062303571
4, 0, 1468141439
4, 0, 1972253388
4, 0, 1968808631
0, 4, 1563758374
0, 4, 2017015076
0, 4, 1996216128
0, 4, 1970792485
0, 4, 1553240921
4, 0, 1972614327
4, 0, 2189525124
0, 4, 2052551115
4, 0, 2325554288
4, 0, 2220730856
0, 4, 2068965661
4, 0, 2066899300
0, 4, 2052719106
4, 0, 2001034271
0, 4, 2062656961
0, 4, 2001577743
0, 4, 1975629391
4, 0, 2216667714
4, 0, 1792887601
4, 0, 1563611376
4, 0, 2071604502
4, 0, 1970769559
4, 0, 2254191261
0, 4, 2191903935
0, 4, 2015151444
0, 4, 2000153119
0, 4, 2178933785
0, 4, 2193453250
4, 0, 2288758190
0, 4, 1962398562
0, 4, 1989903419
0, 4, 1695618512
0, 4, 2061904935
4, 0, 2238400338
4, 0, 2052822329
0, 4, 1823122006
4, 0, 1996478583
0, 4, 1933174799
4, 0, 1795267023
0, 4, 2061698312
4, 0, 2066919710
0, 4, 1469369598
0, 4, 1976531735
0, 4, 2016976610
0, 4, 2066463494
4, 0, 1960864881
0, 4, 2064594138
0, 4, 1974150776
0, 4, 1754400430
0, 4, 1564218035
4, 0, 1965698138
4, 0, 2044616887
4, 0, 2014720087
0, 4, 1983970733
0, 4, 2189539236
4, 0, 2235393425
4, 0, 2221401435
0, 4, 2064302992
4, 0, 1881019472
0, 4, 2175838811
4, 0, 2071869206
4, 0, 2263093238
4, 0, 2323067540
4, 0, 1964873466
4, 0, 2299850927
4, 0, 2059288110
0, 4, 1559677492
4, 0, 2322815267
0, 4, 1962798803
0, 4, 1827705794
0, 4, 1684847233
4, 0, 2174809480
0, 4, 1834355575
0, 4, 2013470451
0, 4, 2015722464
0, 4, 2002830925
0, 4, 1978697224
4, 0, 2014908428
4, 0, 2054568279
4, 0, 1984510853
0, 4, 2190256756
4, 0, 2186549606
0, 4, 1794909438
4, 0, 2262241835
0, 4, 1995873450
4, 0, 2178854424
0, 4, 1971017104
4, 0, 2236545869
4, 0, 1991756511
0, 4, 1980311345
4, 0, 2245506113
4, 0, 2182503610
4, 0, 1957015475
0, 4, 2178122491
4, 0, 1881700802
0, 4, 2068817613
4, 0, 2193975180
0, 4, 1677579918
0, 4, 2014949754
0, 4, 1468956216
0, 4, 2014703614
0, 4, 1551618899
0, 4, 1792325654
0, 4, 2063383383
4, 0, 1564539484
0, 4, 2188787319
0, 4, 1687184919
0, 4, 1882109437
0, 4, 2057674039
4, 0, 1982260318
0, 4, 1694222692
4, 0, 1835149415
0, 4, 1751537806
0, 4, 1999390533
4, 0, 2222044363
0, 4, 2014825212
4, 0, 2062211188
0, 4, 2059232262
0, 4, 2065365428
0, 4, 1880606965
0, 4, 1965544428
0, 4, 2052173376
0, 4, 1956687021
4, 0, 1469757896
4, 0, 1995882826
0, 4, 1971112157
0, 4, 2053472109
4, 0, 1753665095
4, 0, 1982747550
0, 4, 1824182353
0, 4, 1967005106
0, 4, 2015336491
0, 4, 1824246100
0, 4, 2192792844
0, 4, 1834663105
4, 0, 2039678872
0, 4, 1563796454
4, 0, 2259858285
0, 4, 2191003412
0, 4, 1835548598
0, 4, 1972472818
0, 4, 1975533891
4, 0, 2190014574
0, 4, 2015053056
4, 0, 2262156029
4, 0, 2227763004
4, 0, 2044050625
4, 0, 2187856818
4, 0, 2056748199
4, 0, 2244282603
0, 4, 1971109316
0, 4, 1968023841
0, 4, 1985314329
4, 0, 2261670244
0, 4, 1961113314
0, 4, 1827939149
0, 4, 2175897952
0, 4, 2071795540
0, 4, 2011632671
4, 0, 1564081779
0, 4, 2180548126
0, 4, 1880313657
0, 4, 1753094805
4, 0, 1985093681
4, 0, 1991136022
0, 4, 1685006271
4, 0, 2228807283
4, 0, 1994400912
4, 0, 1686314005
0, 4, 2069604944
4, 0, 2267036185
0, 4, 2065663298
4, 0, 1564070541
0, 4, 2053132095
0, 4, 1970074958
0, 4, 2001771572
0, 4, 2033595822
4, 0, 2203840337
0, 4, 1998085972
4, 0, 1989675053
4, 0, 1998665646
0, 4, 1993728824
4, 0, 2071552781
4, 0, 1932488838
4, 0, 2229937695
0, 4, 1793437471
0, 4, 1981086899
4, 0, 1882260940
4, 0, 2016568955
4, 0, 1676579153
0, 4, 1957125696
0, 4, 2004972457
4, 0, 1691119156
4, 0, 1973528321
4, 0, 1974641058
0, 4, 1967775539
4, 0, 2176742615
0, 4, 1996897701
0, 4, 1981279182
4, 0, 1823841605
0, 4, 1556723578
4, 0, 2229835356
0, 4, 1972294343
0, 4, 1998393397
0, 4, 1467844496
0, 4, 1997400814
4, 0, 1881838716
0, 4, 1548499336
4, 0, 2327292073
0, 4, 1961152410
4, 0, 2191568868
0, 4, 1677686886
0, 4, 1834375554
4, 0, 1955948430
4, 0, 2219152819
4, 0, 2190389369
0, 4, 2067453180
4, 0, 2238307397
4, 0, 2056236919
4, 0, 2176264229
4, 0, 1822358341
4, 0, 2221152519
0, 4, 1961767016
0, 4, 1694835175
0, 4, 2179605004
0, 4, 1880755293
4, 0, 2266438643
4, 0, 1968933919
4, 0, 1988771138
4, 0, 1985132677
4, 0, 1551331383
0, 4, 2006965930
0, 4, 1990051361
0, 4, 1979007194
0, 4, 1694203788
0, 4, 2049106351
0, 4, 1979583660
4, 0, 2060937765
0, 4, 1982515350
4, 0, 1692812547
0, 4, 2047746722
0, 4, 2069863475
0, 4, 1963243460
4, 0, 2226437137
4, 0, 1997045116
4, 0, 1825556778
0, 4, 1988736262
0, 4, 1961552457
4, 0, 2218674847
0, 4, 1971873550
0, 4, 2176526413
0, 4, 2067586792
0, 4, 1975939493
4, 0, 1833609162
0, 4, 1997425873
0, 4, 1990397691
0, 4, 2062725172
4, 0, 2324861063
0, 4, 2055166769
0, 4, 1686267004
0, 4, 2013805585
0, 4, 2000827514
0, 4, 1564829112
0, 4, 1993120594
0, 4, 1990550287
4, 0, 1983703186
0, 4, 1823541633
0, 4, 2062797552
4, 0, 2062462844
0, 4, 1677133500
0, 4, 1980552206
0, 4, 1933096711
0, 4, 1573511997
4, 0, 2052406333
4, 0, 1963228517
4, 0, 1573359893
4, 0, 2203226114
4, 0, 1975974650
0, 4, 2053908077
4, 0, 2175847582
0, 4, 1836117517
0, 4, 1985400868
4, 0, 1970907096
0, 4, 2179031720
0, 4, 2064532032
4, 0, 2267221052
4, 0, 2019063353
0, 4, 2014023325
4, 0, 1754318478
4, 0, 2237250464
0, 4, 2016399431
4, 0, 2054003614
4, 0, 1976254214
0, 4, 2064742609
0, 4, 1833377886
0, 4, 1882248866
0, 4, 1826278428
4, 0, 1973600281
0, 4, 2189109608
0, 4, 1998956190
0, 4, 2174660802
4, 0, 2012552114
4, 0, 1993416833
0, 4, 1970409553
0, 4, 1976972661
4, 0, 2225438104
0, 4, 2000415571
0, 4, 1833647435
0, 4, 2002777609
0, 4, 2002153594
0, 4, 1971231329
0, 4, 1999783989
0, 4, 1685608923
0, 4, 2002232147
0, 4, 1970419886
0, 4, 1975613283
0, 4, 2070407635
0, 4, 1990953879
4, 0, 1957738949
4, 0, 1553179544
4, 0, 2002434115
0, 4, 2190046061
0, 4, 2178740924
0, 4, 2056371849
4, 0, 2264637819
4, 0, 2003826800
0, 4, 2053816641
0, 4, 1957542093
0, 4, 1990682302
4, 0, 2200144904
0, 4, 2060000387
0, 4, 1976468031
0, 4, 2045483537
0, 4, 1833802829
0, 4, 1833994033
0, 4, 2185241564
0, 4, 1882466664
4, 0, 1981613499
4, 0, 2175447381
0, 4, 2175590177
0, 4, 2063033821
0, 4, 1958097406
0, 4, 1999292398
4, 0, 1826374428
0, 4, 2057064406
0, 4, 1828075090
4, 0, 1972178882
0, 4, 2017684590
4, 0, 2206036164
0, 4, 1979805165
0, 4, 2057993029
0, 4, 1986156092
0, 4, 1957087504
4, 0, 2000094353
0, 4, 2060244405
0, 4, 1677809658
0, 4, 1557556783
4, 0, 1981494013
4, 0, 2199660687
4, 0, 2198386336
0, 4, 1956057911
0, 4, 1983433495
0, 4, 2016418013
0, 4, 2064271818
0, 4, 1678944638
4, 0, 2055593800
0, 4, 1676827338
0, 4, 2053047305
4, 0, 1836173778
0, 4, 2191404569
4, 0, 1980822577
4, 0, 2199456316
4, 0, 1985478051
0, 4, 2183022073
4, 0, 2231626859
0, 4, 1982856159
0, 4, 2000709333
0, 4, 1563867822
4, 0, 1962935019
4, 0, 2199899652
4, 0, 1993985091
0, 4, 1973400421
4, 0, 2203735455
0, 4, 1695163882
0, 4, 1975233353
0, 4, 2062080445
0, 4, 2001820779
0, 4, 2071283443
0, 4, 1825067071
0, 4, 2053570379
4, 0, 1828065420
0, 4, 2066047292
0, 4, 1564038345
4, 0, 2260640301
0, 4, 2177409655
0, 4, 2003263095
0, 4, 2002298070
0, 4, 1996954921
0, 4, 1983344934
0, 4, 2065784778
4, 0, 2053835647
4, 0, 1755082319
4, 0, 2062354960
0, 4, 1985101337
0, 4, 2063487927
4, 0, 2285378158
0, 4, 2051457630
4, 0, 2174757151
0, 4, 2062363245
4, 0, 2062305336
4, 0, 1684896033
4, 0, 2238941188
0, 4, 1989490494
0, 4, 2052161749
0, 4, 2012032043
0, 4, 1792421251
4, 0, 1825339978
0, 4, 1991137055
0, 4, 1880522469
0, 4, 1932481527
0, 4, 1977080525
4, 0, 2059994159
0, 4, 2014753901
0, 4, 2059202007
4, 0, 2323526760
0, 4, 2192247766
0, 4, 2050903956
0, 4, 2048577265
0, 4, 2184298618
4, 0, 1564644828
4, 0, 2054174641
0, 4, 1792917517
0, 4, 2052475977
0, 4, 1677093740
4, 0, 1822828419
0, 4, 1984733349
4, 0, 1967098968
0, 4, 1755708109
0, 4, 1833813489
4, 0, 1686920875
4, 0, 1994431534
4, 0, 1678752734
0, 4, 2046730261
0, 4, 1980868582
0, 4, 1990224474
0, 4, 1563718962
0, 4, 1978448943
4, 0, 2216339928
0, 4, 2188751676
0, 4, 1573385524
0, 4, 1882146601
0, 4, 1984518086
0, 4, 2065508449
0, 4, 1685030594
4, 0, 2259537901
0, 4, 1771004434
0, 4, 2184530537
4, 0, 2187126967
0, 4, 2055619526
0, 4, 1983589353
0, 4, 2071479116
0, 4, 1881451798
0, 4, 2052880870
4, 0, 2235136977
0, 4, 1754024315
0, 4, 2189065358
0, 4, 1834830511
0, 4, 1994699758
4, 0, 2285477616
0, 4, 1684927674
4, 0, 2299697792
0, 4, 1975628152
4, 0, 2298574717
4, 0, 2072437483
0, 4, 1557632526
4, 0, 2210612389
4, 0, 2244535396
4, 0, 1985629149
4, 0, 2176341965
0, 4, 1972002565
0, 4, 2001666523
0, 4, 1824135690
4, 0, 2218053895
0, 4, 2185286666
0, 4, 1996357152
0, 4, 1992229457
4, 0, 1759492926
4, 0, 1833818886
4, 0, 1962702878
0, 4, 1564297902
4, 0, 2014733386
0, 4, 1957690280
4, 0, 2215070867
0, 4, 2053451192
0, 4, 1691052283
4, 0, 2015133678
0, 4, 1556590682
0, 4, 1967115595
0, 4, 2177843764
0, 4, 2189864384
4, 0, 1956099550
0, 4, 1965619672
4, 0, 2299765516
0, 4, 2175587142
0, 4, 2175873308
0, 4, 2008965132
0, 4, 1694312237
0, 4, 2012722962
0, 4, 1961832475
0, 4, 2013342247
4, 0, 2263865121
4, 0, 2204637855
4, 0, 1962015688
0, 4, 2053801687
4, 0, 2253441557
0, 4, 1957729080
0, 4, 2046822666
4, 0, 2215243571
0, 4, 1751503363
0, 4, 2016087347
0, 4, 1983950254
0, 4, 1965508306
0, 4, 1969791643
4, 0, 2175354464
0, 4, 1827640099
0, 4, 1992687023
0, 4, 2187323507
4, 0, 2013760796
0, 4, 1833021794
0, 4, 1973879330
0, 4, 1791806854
4, 0, 1976102785
4, 0, 1956254612
0, 4, 2188719270
4, 0, 2199471542
0, 4, 1690943538
0, 4, 1752321034
4, 0, 1997064547
4, 0, 1982581761
4, 0, 2198902763
0, 4, 1985892780
4, 0, 1882404021
0, 4, 2013288726
0, 4, 2061848594
4, 0, 1961258509
4, 0, 2213709266
0, 4, 1693609326
0, 4, 1563736537
0, 4, 2000351448
0, 4, 2001525830
0, 4, 2054047875
4, 0, 2299300371
0, 4, 2188228092
4, 0, 2246978155
0, 4, 1984935450
0, 4, 1996595845
0, 4, 2014317083
4, 0, 2177557395
0, 4, 1564121955
4, 0, 1991074956
0, 4, 1989757455
0, 4, 1676872434
0, 4, 1881140267
0, 4, 2051242290
4, 0, 2016399404
0, 4, 1969634390
4, 0, 2000937602
4, 0, 2214603524
4, 0, 2285852802
0, 4, 2063589457
4, 0, 2228212831
4, 0, 2064132792
4, 0, 2296033934
